37.04133058
36.38150754
40.71198549
40.52846267
43.5494472
46.55593648
55.23934263
62.52988599
63.36965842
64.214654
64.43651875
57.20187043
57.80823068
54.19317445
52.65590029
54.4170455
49.9216039
41.83795854
43.49620677
51.97657162
54.71028945
50.87765738
46.90972733
41.95892293
46.84004113
42.78929694
36.71145037
41.18446684
39.48301396
40.7187195
41.36357175
41.17920245
43.02054319
34.6167924
36.1499378
34.19257983
32.37567972
44.4404656
37.75027865
31.91047352
37.08502252
39.63156028
44.21970521
38.25425528
35.73102571
40.73361026
37.52931806
39.45315972
51.20055208
56.83845842
65.73073266
78.639783
83.20729019
81.48402564
86.54464576
79.03422702
83.43246254
81.37705268
79.81369095
82.44852424
86.50469366
85.98130469
85.11858704
88.65168874
85.21436323
84.87910186
85.81168584
87.38161835
84.81015303
84.03937263
87.08688863
88.19371281
88.77931277
89.08883535
86.84051519
89.40518347
93.08717097
92.92916793
93.2707843
90.33149508
86.93120218
87.1705452
85.55847006
88.68164874
88.6307643
88.95843341
90.27570562
88.80565219
91.06679175
88.75438745
87.17266764
82.28132006
80.63864877
73.96112564
72.24073842
70.05800421
70.72226046
76.62678144
75.66197834
85.04919605
84.52952393
87.69684614
82.89434445
85.73058663
82.83546004
78.6322587
78.04833856
77.08539089
71.27036034
78.28288452
81.56177899
87.11741852
85.19103707
87.6289537
83.72713879
86.64516301
85.79513149
87.35803729
88.45403888
85.48946061
84.76270758
84.07633056
87.04183714
91.30625575
89.06189348
88.6781056
91.30867703
91.81488415
93.03312739
94.16771193
91.30261283
89.21504563
86.34475811
88.13981603
84.8783954
88.27351445
89.26146449
88.71776093
91.56929652
90.51291049
92.38189105
90.95213866
88.04534327
85.23126514
67.62976113
56.42907218
47.38622073
47.25190428
44.84692379
39.42495314
37.48043631
29.52306569
32.04952304
28.80879968
35.51965968
42.54752568
51.55855969
57.62010985
71.49536464
85.67608391
91.57308062
94.19354062
93.21231732
92.14439089
91.86423319
89.19997622
91.12748192
93.83816666
93.81017554
94.21328327
94.07311755
93.39996882
89.55679228
89.3857352
87.38751051
84.28744098
82.60282651
85.59847541
86.34198626
86.61162087
89.01391054
86.68535625
89.15396081
93.18402835
91.66872007
93.21562948
89.36100658
89.29057979
89.20606408
85.20579731
89.24447446
91.28607665
90.81822996
92.80976609
91.05814112
91.41536527
88.30948692
84.68886241
77.14045141
75.63497956
69.27224457
65.69162685
64.31495157
61.20027104
54.2200574
59.22095553
67.30256346
53.05966665
69.90845316
57.78956812
48.17053298
46.99811348
53.78614222
52.33788807
63.75466247
61.85612324
69.89536658
76.27566856
84.90572992
84.43766423
89.37364027
88.64360172
91.77073625
90.49600289
91.99122403
90.19937979
91.05706363
88.23525351
89.63861613
89.72659532
91.40770596
89.71261021
88.23638336
91.28526018
90.74247713
92.52088759
92.77970657
90.27968091
89.27853914
89.18847077
90.42662378
87.1568711
90.82262689
91.31751539
93.39423384
93.90753598
94.59490571
93.98425138
94.8160774
93.29405931
89.49934572
80.10590915
69.52294438
65.5802371
64.77807254
63.89475298
67.51929143
76.9103174
75.18690038
77.12031156
76.17477492
70.89191943
63.80577354
72.79581757
60.69700291